image_width: 1280
image_height: 720
camera_name: camera
camera_matrix:
  rows: 3
  cols: 3
  data: [1020.97399,    0.     ,  567.62155,
            0.     , 1028.5485 ,  387.56252,
            0.     ,    0.     ,    1.     ]
distortion_model: plumb_bob
distortion_coefficients:
  rows: 1
  cols: 5
  data: [0.034186, -0.078151, 0.005042, -0.001985, 0.000000]
rectification_matrix:
  rows: 3
  cols: 3
  data: [1., 0., 0.,
         0., 1., 0.,
         0., 0., 1.]
projection_matrix:
  rows: 3
  cols: 4
  data: [1020.44983,    0.     ,  562.80468,    0.     ,
            0.     , 1032.14014,  389.62373,    0.     ,
            0.     ,    0.     ,    1.     ,    0.     ]
